-256      1 0 122500 113 115 153 50100  0 0h 0h 0h -50266 
-255      1 0 129349 113 115 153 50100  0 0h 0h 0h -50266 
-254      1 0 128945 113 115 153 50100  0 0h 0h 0h -50266 
-253      0 0 118898 113 115 153 50100  0 0h 0h 0h -50266 
-252      0 1 97785  113 115 153 50100  0 0h 0h 0h -50266 
-251      0 1 70677  113 115 153 50100  0 0h 0h 0h -50266 
-250      0 1 43994  113 116 154 50100  0 0h 0h 0h -50266 
-249      1 1 27565  113 116 154 50100  0 0h 0h 0h -50266 
-248      1 1 29097  113 116 154 50100  0 0h 0h 0h -50266 
-247      1 1 52429  113 116 154 -17973 0 0h 0h 0h -15396 
-246      1 1 94717  113 116 154 -17973 0 0h 0h 0h -15396 
-245      1 1 147925 113 116 154 -17973 0 0h 0h 0h -15396 
-244      1 0 199498 113 116 154 -17973 0 0h 0h 0h -15396 
-243      1 0 234628 113 116 154 -17973 0 0h 0h 0h -15396 
-242      1 0 247050 113 116 154 -17973 0 0h 0h 0h -15396 
-241      1 0 230420 113 116 154 -17973 0 0h 0h 0h -15396 
-240      1 1 190292 113 116 154 -17973 0 0h 0h 0h -15396 
-239      1 1 134906 113 116 154 -17973 0 0h 0h 0h -15396 
-238      1 1 78930  112 115 155 -17973 0 0h 0h 0h -15396 
-237      1 1 33413  112 115 155 -17973 0 0h 0h 0h -15396 
-236      1 0 6464   112 115 155 -17973 0 0h 0h 0h -15396 
-235      1 0 2088   112 115 155 11097  0 0h 0h 0h 13674  
-234      1 0 18292  112 115 155 11097  0 0h 0h 0h 13674  
-233      1 0 49561  112 115 155 11097  0 0h 0h 0h 13674  
-232      1 1 88569  112 115 155 11097  0 0h 0h 0h 13674  
-231      1 1 126701 112 115 155 11097  0 0h 0h 0h 13674  
-230      1 1 158434 112 115 155 11097  0 0h 0h 0h 13674  
-229      0 1 177680 112 115 155 11097  0 0h 0h 0h 13674  
-228      0 0 183626 112 115 155 11097  0 0h 0h 0h 13674  
-227      0 0 174122 112 115 155 11097  0 0h 0h 0h 13674  
-226      0 0 153466 112 116 157 11097  0 0h 0h 0h 13674  
-225      1 0 126725 112 116 157 11097  0 0h 0h 0h 13674  
-224      1 0 99225  112 116 157 11097  0 0h 0h 0h 13674  
-223      1 0 76645  112 116 157 18911  0 0h 0h 0h 21488  
-222      1 0 64490  112 116 157 18911  0 0h 0h 0h 21488  
-221      1 0 63585  112 116 157 18911  0 0h 0h 0h 21488  
-220      1 1 74498  112 116 157 18911  0 0h 0h 0h 21488  
-219      1 1 92305  112 116 157 18911  0 0h 0h 0h 21488  
-218      1 1 112661 112 116 157 18911  0 0h 0h 0h 21488  
-217      1 1 129834 112 116 157 18911  0 0h 0h 0h 21488  
-216      1 0 141250 112 116 157 18911  0 0h 0h 0h 21488  
-215      1 0 143533 112 116 157 18911  0 0h 0h 0h 21488  
-214      1 0 138913 113 116 158 18911  0 0h 0h 0h 21488  
-213      1 0 130297 113 116 158 18911  0 0h 0h 0h 21488  
-212      1 0 120833 113 116 158 18911  0 0h 0h 0h 21488  
-211      1 0 112810 113 116 158 -27438 0 0h 0h 0h -24861 
-210      1 0 108362 113 116 158 -27438 0 0h 0h 0h -24861 
-209      1 0 107953 113 116 158 -27438 0 0h 0h 0h -24861 
-208      1 1 111037 113 116 158 -27438 0 0h 0h 0h -24861 
-207      1 1 115301 113 116 158 -27438 0 0h 0h 0h -24861 
-206      1 1 117725 113 116 158 -27438 0 0h 0h 0h -24861 
-205      1 1 118169 113 116 158 -27438 0 0h 0h 0h -24861 
-204      1 1 115177 113 116 158 -27438 0 0h 0h 0h -24861 
-203      1 1 109925 113 116 158 -27438 0 0h 0h 0h -24861 
-202      1 1 103786 115 116 158 -27438 0 0h 0h 0h -24861 
-201      0 1 98612  115 116 158 -27438 0 0h 0h 0h -24861 
-200      0 0 96800  115 116 158 -27438 0 0h 0h 0h -24861 
-199      0 0 99437  115 116 158 9988   0 0h 0h 0h 12565  
-198      0 0 106600 115 116 158 9988   0 0h 0h 0h 12565  
-197      1 0 116392 115 116 158 9988   0 0h 0h 0h 12565  
-196      1 1 127125 115 116 158 9988   0 0h 0h 0h 12565  
-195      1 1 136580 115 116 158 9988   0 0h 0h 0h 12565  
-194      1 1 142069 115 116 158 9988   0 0h 0h 0h 12565  
-193      0 1 142586 115 116 158 9988   0 0h 0h 0h 12565  
-192      0 0 137416 115 116 158 9988   0 0h 0h 0h 12565  
-191      0 0 128900 115 116 158 9988   0 0h 0h 0h 12565  
-190      0 0 117841 116 118 157 9988   0 0h 0h 0h 12565  
-189      0 0 107717 116 118 157 9988   0 0h 0h 0h 12565  
-188      0 0 100360 116 118 157 9988   0 0h 0h 0h 12565  
-187      0 0 96388  116 118 157 -12540 0 0h 0h 0h -9963  
-186      0 0 96884  116 118 157 -12540 0 0h 0h 0h -9963  
-185      1 0 101320 116 118 157 -12540 0 0h 0h 0h -9963  
-184      1 0 107577 116 118 157 -12540 0 0h 0h 0h -9963  
-183      1 0 115461 116 118 157 -12540 0 0h 0h 0h -9963  
-182      1 0 122581 116 118 157 -12540 0 0h 0h 0h -9963  
-181      0 0 128698 116 118 157 -12540 0 0h 0h 0h -9963  
-180      0 1 133146 116 118 157 -12540 0 0h 0h 0h -9963  
-179      0 1 136162 116 118 157 -12540 0 0h 0h 0h -9963  
-178      0 1 137017 115 117 156 -12540 0 0h 0h 0h -9963  
-177      0 1 137989 115 117 156 -12540 0 0h 0h 0h -9963  
-176      0 0 137989 115 117 156 -12540 0 0h 0h 0h -9963  
-175      0 0 138965 115 117 156 50399  0 0h 0h 0h -49968 
-174      0 0 140929 115 117 156 50399  0 0h 0h 0h -49968 
-173      1 0 142909 115 117 156 50399  0 0h 0h 0h -49968 
-172      1 0 145909 115 117 156 50399  0 0h 0h 0h -49968 
-171      1 0 148240 115 117 156 50399  0 0h 0h 0h -49968 
-170      1 0 149258 115 117 156 50399  0 0h 0h 0h -49968 
-169      1 0 147929 115 117 156 50399  0 0h 0h 0h -49968 
-168      1 1 142713 115 117 156 50399  0 0h 0h 0h -49968 
-167      1 1 134237 115 117 156 50399  0 0h 0h 0h -49968 
-166      1 1 121010 115 117 157 50399  0 0h 0h 0h -49968 
-165      1 1 104400 115 117 157 50399  0 0h 0h 0h -49968 
-164      1 1 86985  115 117 157 50399  0 0h 0h 0h -49968 
-163      1 1 70250  115 117 157 9961   0 0h 0h 0h 12538  
-162      1 1 56692  115 117 157 9961   0 0h 0h 0h 12538  
-161      0 1 49426  115 117 157 9961   0 0h 0h 0h 12538  
-160      0 1 49757  115 117 157 9961   0 0h 0h 0h 12538  
-159      0 1 58370  115 117 157 9961   0 0h 0h 0h 12538  
-158      0 1 74434  115 117 157 9961   0 0h 0h 0h 12538  
-157      0 1 96641  115 117 157 9961   0 0h 0h 0h 12538  
-156      0 0 123245 115 117 157 9961   0 0h 0h 0h 12538  
-155      0 0 151546 115 117 157 9961   0 0h 0h 0h 12538  
-154      0 0 179780 112 113 156 9961   0 0h 0h 0h 12538  
-153      1 0 207281 112 113 156 9961   0 0h 0h 0h 12538  
-152      1 0 231025 112 113 156 9961   0 0h 0h 0h 12538  
-151      1 0 249901 112 113 156 -11946 0 0h 0h 0h -9369  
-150      1 0 262277 112 113 156 -11946 0 0h 0h 0h -9369  
-149      0 0 267481 112 113 156 -11946 0 0h 0h 0h -9369  
-148      0 0 263440 112 113 156 -11946 0 0h 0h 0h -9369  
-147      0 0 248234 112 113 156 -11946 0 0h 0h 0h -9369  
-146      0 0 221924 112 113 156 -11946 0 0h 0h 0h -9369  
-145      1 0 186545 112 113 156 -11946 0 0h 0h 0h -9369  
-144      1 1 143325 112 113 156 -11946 0 0h 0h 0h -9369  
-143      1 1 97425  112 113 156 -11946 0 0h 0h 0h -9369  
-142      1 1 55760  112 114 153 -11946 0 0h 0h 0h -9369  
-141      0 1 23461  112 114 153 -11946 0 0h 0h 0h -9369  
-140      0 0 7200   112 114 153 -11946 0 0h 0h 0h -9369  
-139      0 0 9610   112 114 153 2861   0 0h 0h 0h 5437   
-138      0 0 30850  112 114 153 2861   0 0h 0h 0h 5437   
-137      1 0 66586  112 114 153 2861   0 0h 0h 0h 5437   
-136      1 0 108697 112 114 153 2861   0 0h 0h 0h 5437   
-135      1 0 148392 112 114 153 2861   0 0h 0h 0h 5437   
-134      1 0 175405 112 114 153 2861   0 0h 0h 0h 5437   
-133      1 0 183881 112 114 153 2861   0 0h 0h 0h 5437   
-132      1 0 170741 112 114 153 2861   0 0h 0h 0h 5437   
-131      1 0 139729 112 114 153 2861   0 0h 0h 0h 5437   
-130      1 0 98090  112 114 153 2861   0 0h 0h 0h 5437   
-129      0 0 55777  112 114 153 2861   0 0h 0h 0h 5437   
-128      0 0 23725  112 114 153 2861   0 0h 0h 0h 5437   
-127      0 0 9469   112 114 153 -15322 0 0h 0h 0h -12745 
-126      0 0 16897  112 114 153 -15322 0 0h 0h 0h -12745 
-125      1 0 44960  112 114 153 -15322 0 0h 0h 0h -12745 
-124      1 0 88772  112 114 153 -15322 0 0h 0h 0h -12745 
-123      1 0 140242 112 114 153 -15322 0 0h 0h 0h -12745 
-122      1 0 192905 112 114 153 -15322 0 0h 0h 0h -12745 
-121      1 0 239018 112 114 153 -15322 0 0h 0h 0h -12745 
-120      1 1 275060 112 114 153 -15322 0 0h 0h 0h -12745 
-119      1 1 299273 112 114 153 -15322 0 0h 0h 0h -12745 
-118      1 1 310900 111 113 154 -15322 0 0h 0h 0h -12745 
-117      1 1 314425 111 113 154 -15322 0 0h 0h 0h -12745 
-116      1 0 308538 111 113 154 -15322 0 0h 0h 0h -12745 
-115      1 0 296330 111 113 154 3157   0 0h 0h 0h 5734   
-114      1 0 278416 111 113 154 3157   0 0h 0h 0h 5734   
-113      1 0 256100 111 113 154 3157   0 0h 0h 0h 5734   
-112      1 0 228132 111 113 154 3157   0 0h 0h 0h 5734   
-111      1 0 197632 111 113 154 3157   0 0h 0h 0h 5734   
-110      1 0 165773 111 113 154 3157   0 0h 0h 0h 5734   
-109      1 0 134473 111 113 154 3157   0 0h 0h 0h 5734   
-108      1 0 106321 111 113 154 3157   0 0h 0h 0h 5734   
-107      1 0 83749  111 113 154 3157   0 0h 0h 0h 5734   
-106      1 0 69082  113 116 155 3157   0 0h 0h 0h 5734   
-105      1 0 61945  113 116 155 3157   0 0h 0h 0h 5734   
-104      1 0 64233  113 116 155 3157   0 0h 0h 0h 5734   
-103      1 0 74853  113 116 155 4219   0 0h 0h 0h 6796   
-102      1 0 93249  113 116 155 4219   0 0h 0h 0h 6796   
-101      0 0 117181 113 116 155 4219   0 0h 0h 0h 6796   
-100      0 0 144482 113 116 155 4219   0 0h 0h 0h 6796   
-99       0 0 173045 113 116 155 4219   0 0h 0h 0h 6796   
-98       0 0 200133 113 116 155 4219   0 0h 0h 0h 6796   
-97       0 0 223010 113 116 155 4219   0 0h 0h 0h 6796   
-96       0 0 237834 113 116 155 4219   0 0h 0h 0h 6796   
-95       0 0 246970 113 116 155 4219   0 0h 0h 0h 6796   
-94       0 0 247424 113 115 155 4219   0 0h 0h 0h 6796   
-93       1 0 242938 113 115 155 4219   0 0h 0h 0h 6796   
-92       1 0 234277 113 115 155 4219   0 0h 0h 0h 6796   
-91       1 0 225257 113 115 155 -24862 0 0h 0h 0h -22285 
-90       1 0 216770 113 115 155 -24862 0 0h 0h 0h -22285 
-89       0 0 209569 113 115 155 -24862 0 0h 0h 0h -22285 
-88       0 1 204745 113 115 155 -24862 0 0h 0h 0h -22285 
-87       0 1 199273 113 115 155 -24862 0 0h 0h 0h -22285 
-86       0 1 195346 113 115 155 -24862 0 0h 0h 0h -22285 
-85       0 1 190385 113 115 155 -24862 0 0h 0h 0h -22285 
-84       0 1 185832 113 115 155 -24862 0 0h 0h 0h -22285 
-83       0 1 181418 113 115 155 -24862 0 0h 0h 0h -22285 
-82       0 1 178100 116 117 157 -24862 0 0h 0h 0h -22285 
-81       1 1 175897 116 117 157 -24862 0 0h 0h 0h -22285 
-80       1 0 174226 116 117 157 -24862 0 0h 0h 0h -22285 
-79       1 0 172808 116 117 157 -29376 0 0h 0h 0h -26799 
-78       1 0 171925 116 117 157 -29376 0 0h 0h 0h -26799 
-77       0 0 169553 116 117 157 -29376 0 0h 0h 0h -26799 
-76       0 1 164602 116 117 157 -29376 0 0h 0h 0h -26799 
-75       0 1 156890 116 117 157 -29376 0 0h 0h 0h -26799 
-74       0 1 142565 116 117 157 -29376 0 0h 0h 0h -26799 
-73       1 1 123461 116 117 157 -29376 0 0h 0h 0h -26799 
-72       1 1 97445  116 117 157 -29376 0 0h 0h 0h -26799 
-71       1 1 67541  116 117 157 -29376 0 0h 0h 0h -26799 
-70       1 1 37637  116 118 158 -29376 0 0h 0h 0h -26799 
-69       0 1 13712  116 118 158 -29376 0 0h 0h 0h -26799 
-68       0 0 1025   116 118 158 -29376 0 0h 0h 0h -26799 
-67       0 0 3257   116 118 158 12486  0 0h 0h 0h 15063  
-66       0 0 21265  116 118 158 12486  0 0h 0h 0h 15063  
-65       0 0 52685  116 118 158 12486  0 0h 0h 0h 15063  
-64       0 1 92025  116 118 158 12486  0 0h 0h 0h 15063  
-63       0 1 132849 116 118 158 12486  0 0h 0h 0h 15063  
-62       0 1 169066 116 118 158 12486  0 0h 0h 0h 15063  
-61       0 1 195752 116 118 158 12486  0 0h 0h 0h 15063  
-60       0 0 212701 116 118 158 12486  0 0h 0h 0h 15063  
-59       0 0 219341 116 118 158 12486  0 0h 0h 0h 15063  
-58       0 0 220180 114 115 158 12486  0 0h 0h 0h 15063  
-57       1 0 216340 114 115 158 12486  0 0h 0h 0h 15063  
-56       1 0 213053 114 115 158 12486  0 0h 0h 0h 15063  
-55       1 0 212633 114 115 158 50338  0 0h 0h 0h -50029 
-54       1 0 215290 114 115 158 50338  0 0h 0h 0h -50029 
-53       1 0 222521 114 115 158 50338  0 0h 0h 0h -50029 
-52       1 0 234568 114 115 158 50338  0 0h 0h 0h -50029 
-51       1 0 251705 114 115 158 50338  0 0h 0h 0h -50029 
-50       1 0 269937 114 115 158 50338  0 0h 0h 0h -50029 
-49       0 0 285192 114 115 158 50338  0 0h 0h 0h -50029 
-48       0 1 296005 114 115 158 50338  0 0h 0h 0h -50029 
-47       0 1 295321 114 115 158 50338  0 0h 0h 0h -50029 
-46       0 1 283732 113 115 157 50338  0 0h 0h 0h -50029 
-45       0 1 258820 113 115 157 50338  0 0h 0h 0h -50029 
-44       0 1 224842 113 115 157 50338  0 0h 0h 0h -50029 
-43       0 1 184741 113 115 157 37959  0 0h 0h 0h 40536  
-42       0 1 144250 113 115 157 37959  0 0h 0h 0h 40536  
-41       1 1 107897 113 115 157 37959  0 0h 0h 0h 40536  
-40       1 0 77449  113 115 157 37959  0 0h 0h 0h 40536  
-39       1 0 54977  113 115 157 37959  0 0h 0h 0h 40536  
-38       1 0 39769  113 115 157 37959  0 0h 0h 0h 40536  
-37       0 0 29952  113 115 157 37959  0 0h 0h 0h 40536  
-36       0 0 25376  113 115 157 37959  0 0h 0h 0h 40536  
-35       0 0 25101  113 115 157 37959  0 0h 0h 0h 40536  
-34       0 0 31109  115 113 159 37959  0 0h 0h 0h 40536  
-33       1 0 44200  115 113 159 37959  0 0h 0h 0h 40536  
-32       1 1 65210  115 113 159 37959  0 0h 0h 0h 40536  
-31       1 1 95012  115 113 159 16790  0 0h 0h 0h 19366  
-30       1 1 130373 115 113 159 16790  0 0h 0h 0h 19366  
-29       0 1 168514 115 113 159 16790  0 0h 0h 0h 19366  
-28       0 1 203237 115 113 159 16790  0 0h 0h 0h 19366  
-27       0 1 230445 115 113 159 16790  0 0h 0h 0h 19366  
-26       0 1 244546 115 113 159 16790  0 0h 0h 0h 19366  
-25       1 1 244868 115 113 159 16790  0 0h 0h 0h 19366  
-24       1 0 231133 115 113 159 16790  0 0h 0h 0h 19366  
-23       1 0 206420 115 113 159 16790  0 0h 0h 0h 19366  
-22       1 0 175930 114 116 156 16790  0 0h 0h 0h 19366  
-21       0 0 144898 114 116 156 16790  0 0h 0h 0h 19366  
-20       0 0 119304 114 116 156 16790  0 0h 0h 0h 19366  
-19       0 0 102386 114 116 156 7328   0 0h 0h 0h 9905   
-18       0 0 96037  114 116 156 7328   0 0h 0h 0h 9905   
-17       1 0 99305  114 116 156 7328   0 0h 0h 0h 9905   
-16       1 1 108545 114 116 156 7328   0 0h 0h 0h 9905   
-15       1 1 121618 114 116 156 7328   0 0h 0h 0h 9905   
-14       1 1 134450 114 116 156 7328   0 0h 0h 0h 9905   
-13       1 1 144772 114 116 156 7328   0 0h 0h 0h 9905   
-12       1 0 152514 114 116 156 7328   0 0h 0h 0h 9905   
-11       1 0 156650 114 116 156 7328   0 0h 0h 0h 9905   
-10       1 0 160328 116 116 160 7328   0 0h 0h 0h 9905   
-9        1 0 163816 116 116 160 7328   0 0h 0h 0h 9905   
-8        1 0 170425 116 116 160 7328   0 0h 0h 0h 9905   
-7        1 0 179218 116 116 160 2444   0 0h 0h 0h 5021   
-6        1 0 189250 116 116 160 2444   0 0h 0h 0h 5021   
-5        0 0 196277 116 116 160 2444   0 0h 0h 0h 5021   
-4        0 0 198706 116 116 160 2444   0 0h 0h 0h 5021   
-3        0 0 193869 116 116 160 2444   0 0h 0h 0h 5021   
-2        0 0 180617 116 116 160 2444   0 0h 0h 0h 5021   
-1        0 0 158600 116 116 160 2444   0 0h 0h 0h 5021   
0         0 0 129601 116 116 160 2444   0 0h 0h 0h 5021   
1         0 0 97633  116 116 160 2444   0 0h 0h 0h 5021   
2         0 0 66905  119 119 160 2444   0 0h 0h 0h 5021   
3         1 0 40970  119 119 160 2444   0 0h 0h 0h 5021   
4         1 0 24410  119 119 160 2444   0 0h 0h 0h 5021   
5         1 0 18850  119 119 160 -50844 0 0h 0h 0h -48267 
6         1 0 24968  119 119 160 -50844 0 0h 0h 0h -48267 
7         1 0 40464  119 119 160 -50844 0 0h 0h 0h -48267 
8         1 0 61828  119 119 160 -50844 0 0h 0h 0h -48267 
9         1 0 84852  119 119 160 -50844 0 0h 0h 0h -48267 
10        1 0 105370 119 119 160 -50844 0 0h 0h 0h -48267 
11        1 0 119345 119 119 160 -50844 0 0h 0h 0h -48267 
12        1 1 124505 119 119 160 -50844 0 0h 0h 0h -48267 
13        1 1 122000 119 119 160 -50844 0 0h 0h 0h -48267 
14        1 1 114714 119 118 161 -50844 0 0h 0h 0h -48267 
15        0 1 106900 119 118 161 -50844 0 0h 0h 0h -48267 
16        0 1 103085 119 118 161 -50844 0 0h 0h 0h -48267 
17        0 1 106933 119 118 161 48711  0 0h 0h 0h 51288  
18        0 1 120105 119 118 161 48711  0 0h 0h 0h 51288  
19        1 1 141544 119 118 161 48711  0 0h 0h 0h 51288  
20        1 0 165865 119 118 161 48711  0 0h 0h 0h 51288  
21        1 0 186002 119 118 161 48711  0 0h 0h 0h 51288  
22        1 0 196072 119 118 161 48711  0 0h 0h 0h 51288  
23        0 0 191357 119 118 161 48711  0 0h 0h 0h 51288  
24        0 1 170000 119 118 161 48711  0 0h 0h 0h 51288  
25        0 1 135306 119 118 161 48711  0 0h 0h 0h 51288  
26        0 1 93593  119 120 160 48711  0 0h 0h 0h 51288  
27        1 1 53873  119 120 160 48711  0 0h 0h 0h 51288  
28        1 1 25225  119 120 160 48711  0 0h 0h 0h 51288  
29        1 1 14746  119 120 160 39261  0 0h 0h 0h 41838  
30        1 1 23626  119 120 160 39261  0 0h 0h 0h 41838  
31        1 1 50180  119 120 160 39261  0 0h 0h 0h 41838  
32        1 0 85949  119 120 160 39261  0 0h 0h 0h 41838  
33        1 0 121482 119 120 160 39261  0 0h 0h 0h 41838  
34        1 0 147088 119 120 160 39261  0 0h 0h 0h 41838  
35        0 0 156250 119 120 160 39261  0 0h 0h 0h 41838  
36        0 0 145325 119 120 160 39261  0 0h 0h 0h 41838  
37        0 0 118025 119 120 160 39261  0 0h 0h 0h 41838  
38        0 0 80525  117 119 161 39261  0 0h 0h 0h 41838  
39        0 0 42233  117 119 161 39261  0 0h 0h 0h 41838  
40        0 1 13109  117 119 161 39261  0 0h 0h 0h 41838  
41        0 1 338    117 119 161 -43294 0 0h 0h 0h -40717 
42        0 1 6660   117 119 161 -43294 0 0h 0h 0h -40717 
43        0 1 29965  117 119 161 -43294 0 0h 0h 0h -40717 
44        0 1 64633  117 119 161 -43294 0 0h 0h 0h -40717 
45        0 1 101665 117 119 161 -43294 0 0h 0h 0h -40717 
46        0 1 132922 117 119 161 -43294 0 0h 0h 0h -40717 
47        1 1 151589 117 119 161 -43294 0 0h 0h 0h -40717 
48        1 1 153800 117 119 161 -43294 0 0h 0h 0h -40717 
49        1 1 141145 117 119 161 -43294 0 0h 0h 0h -40717 
50        1 1 117380 117 118 163 -43294 0 0h 0h 0h -40717 
51        1 1 90081  117 118 163 -43294 0 0h 0h 0h -40717 
52        1 1 66725  117 118 163 -43294 0 0h 0h 0h -40717 
53        1 1 53090  117 118 163 -15749 0 0h 0h 0h -13172 
54        1 1 53685  117 118 163 -15749 0 0h 0h 0h -13172 
55        0 1 67405  117 118 163 -15749 0 0h 0h 0h -13172 
56        0 0 91972  117 118 163 -15749 0 0h 0h 0h -13172 
57        0 0 121565 117 118 163 -15749 0 0h 0h 0h -13172 
58        0 0 150713 117 118 163 -15749 0 0h 0h 0h -13172 
59        1 0 174733 117 118 163 -15749 0 0h 0h 0h -13172 
60        1 1 190985 117 118 163 -15749 0 0h 0h 0h -13172 
61        1 1 197361 117 118 163 -15749 0 0h 0h 0h -13172 
62        1 1 196660 112 115 160 -15749 0 0h 0h 0h -13172 
63        1 1 191585 112 115 160 -15749 0 0h 0h 0h -13172 
64        1 0 184970 112 115 160 -15749 0 0h 0h 0h -13172 
65        1 0 178490 112 115 160 -27737 0 0h 0h 0h -25160 
66        1 0 174485 112 115 160 -27737 0 0h 0h 0h -25160 
67        1 0 172660 112 115 160 -27737 0 0h 0h 0h -25160 
68        1 1 172874 112 115 160 -27737 0 0h 0h 0h -25160 
69        1 1 171929 112 115 160 -27737 0 0h 0h 0h -25160 
70        1 1 169001 112 115 160 -27737 0 0h 0h 0h -25160 
71        1 1 162578 112 115 160 -27737 0 0h 0h 0h -25160 
72        1 1 152602 112 115 160 -27737 0 0h 0h 0h -25160 
73        1 1 138465 112 115 160 -27737 0 0h 0h 0h -25160 
74        1 1 121329 113 115 160 -27737 0 0h 0h 0h -25160 
75        1 1 104125 113 115 160 -27737 0 0h 0h 0h -25160 
76        1 0 87380  113 115 160 -27737 0 0h 0h 0h -25160 
77        1 0 74117  113 115 160 37336  0 0h 0h 0h 39913  
78        1 0 65605  113 115 160 37336  0 0h 0h 0h 39913  
79        0 0 63405  113 115 160 37336  0 0h 0h 0h 39913  
80        0 0 67930  113 115 160 37336  0 0h 0h 0h 39913  
81        0 0 77170  113 115 160 37336  0 0h 0h 0h 39913  
82        0 0 89581  113 115 160 37336  0 0h 0h 0h 39913  
83        1 0 103304 113 115 160 37336  0 0h 0h 0h 39913  
84        1 0 117794 113 115 160 37336  0 0h 0h 0h 39913  
85        1 0 131938 113 115 160 37336  0 0h 0h 0h 39913  
86        1 0 147010 111 113 158 37336  0 0h 0h 0h 39913  
87        1 0 161725 111 113 158 37336  0 0h 0h 0h 39913  
88        1 1 177565 111 113 158 37336  0 0h 0h 0h 39913  
89        1 1 193448 111 113 158 12069  0 0h 0h 0h 14646  
90        1 1 209261 111 113 158 12069  0 0h 0h 0h 14646  
91        0 1 221330 111 113 158 12069  0 0h 0h 0h 14646  
92        0 1 226489 111 113 158 12069  0 0h 0h 0h 14646  
93        0 1 222746 111 113 158 12069  0 0h 0h 0h 14646  
94        0 1 206848 111 113 158 12069  0 0h 0h 0h 14646  
95        0 1 181114 111 113 158 12069  0 0h 0h 0h 14646  
96        0 0 147258 111 113 158 12069  0 0h 0h 0h 14646  
97        0 0 110245 111 113 158 12069  0 0h 0h 0h 14646  
98        0 0 75149  112 115 156 12069  0 0h 0h 0h 14646  
99        0 0 46793  112 115 156 12069  0 0h 0h 0h 14646  
100       0 0 30260  112 115 156 12069  0 0h 0h 0h 14646  
101       0 0 27817  112 115 156 -48777 0 0h 0h 0h -46200 
102       0 0 39485  112 115 156 -48777 0 0h 0h 0h -46200 
103       0 0 63041  112 115 156 -48777 0 0h 0h 0h -46200 
104       0 0 93553  112 115 156 -48777 0 0h 0h 0h -46200 
105       0 0 125225 112 115 156 -48777 0 0h 0h 0h -46200 
106       0 0 152965 112 115 156 -48777 0 0h 0h 0h -46200 
107       1 0 171593 112 115 156 -48777 0 0h 0h 0h -46200 
108       1 1 177817 112 115 156 -48777 0 0h 0h 0h -46200 
109       1 1 169002 112 115 156 -48777 0 0h 0h 0h -46200 
110       1 1 148997 110 113 158 -48777 0 0h 0h 0h -46200 
111       0 1 119050 110 113 158 -48777 0 0h 0h 0h -46200 
112       0 1 85273  110 113 158 -48777 0 0h 0h 0h -46200 
113       0 1 52936  110 113 158 3001   0 0h 0h 0h 5578   
114       0 1 27010  110 113 158 3001   0 0h 0h 0h 5578   
115       1 1 10170  110 113 158 3001   0 0h 0h 0h 5578   
116       1 0 4205   110 113 158 3001   0 0h 0h 0h 5578   
117       1 0 9098   110 113 158 3001   0 0h 0h 0h 5578   
118       1 0 22930  110 113 158 3001   0 0h 0h 0h 5578   
119       1 0 43984  110 113 158 3001   0 0h 0h 0h 5578   
120       1 0 68884  110 113 158 3001   0 0h 0h 0h 5578   
121       1 0 95797  110 113 158 3001   0 0h 0h 0h 5578   
122       1 0 122266 108 109 157 3001   0 0h 0h 0h 5578   
123       1 0 148378 108 109 157 3001   0 0h 0h 0h 5578   
124       1 0 173434 108 109 157 3001   0 0h 0h 0h 5578   
125       1 0 197173 108 109 157 -28195 0 0h 0h 0h -25618 
126       1 0 220205 108 109 157 -28195 0 0h 0h 0h -25618 
127       1 0 239521 108 109 157 -28195 0 0h 0h 0h -25618 
128       1 1 255034 108 109 157 -28195 0 0h 0h 0h -25618 
129       1 1 261605 108 109 157 -28195 0 0h 0h 0h -25618 
130       1 1 259088 108 109 157 -28195 0 0h 0h 0h -25618 
131       0 1 245125 108 109 157 -28195 0 0h 0h 0h -25618 
132       0 1 218714 108 109 157 -28195 0 0h 0h 0h -25618 
133       0 1 184949 108 109 157 -28195 0 0h 0h 0h -25618 
134       0 1 144689 109 112 154 -28195 0 0h 0h 0h -25618 
135       1 1 105250 109 112 154 -28195 0 0h 0h 0h -25618 
136       1 0 70916  109 112 154 -28195 0 0h 0h 0h -25618 
137       1 0 45893  109 112 154 -14985 0 0h 0h 0h -12408 
138       1 0 32113  109 112 154 -14985 0 0h 0h 0h -12408 
139       1 0 29786  109 112 154 -14985 0 0h 0h 0h -12408 
140       1 0 37325  109 112 154 -14985 0 0h 0h 0h -12408 
141       1 0 51826  109 112 154 -14985 0 0h 0h 0h -12408 
142       1 0 70561  109 112 154 -14985 0 0h 0h 0h -12408 
143       1 0 90425  109 112 154 -14985 0 0h 0h 0h -12408 
144       1 1 109309 109 112 154 -14985 0 0h 0h 0h -12408 
145       1 1 126905 109 112 154 -14985 0 0h 0h 0h -12408 
146       1 1 141529 110 110 158 -14985 0 0h 0h 0h -12408 
147       1 1 153217 110 110 158 -14985 0 0h 0h 0h -12408 
148       1 0 162920 110 110 158 -14985 0 0h 0h 0h -12408 
149       1 0 171065 110 110 158 17436  0 0h 0h 0h 20013  
150       1 0 177682 110 110 158 17436  0 0h 0h 0h 20013  
151       0 0 182005 110 110 158 17436  0 0h 0h 0h 20013  
152       0 1 184769 110 110 158 17436  0 0h 0h 0h 20013  
153       0 1 184930 110 110 158 17436  0 0h 0h 0h 20013  
154       0 1 181809 110 110 158 17436  0 0h 0h 0h 20013  
155       1 1 174725 110 110 158 17436  0 0h 0h 0h 20013  
156       1 0 161993 110 110 158 17436  0 0h 0h 0h 20013  
157       1 0 145818 110 110 158 17436  0 0h 0h 0h 20013  
158       1 0 127106 106 106 154 17436  0 0h 0h 0h 20013  
159       1 0 107365 106 106 154 17436  0 0h 0h 0h 20013  
160       1 0 90437  106 106 154 17436  0 0h 0h 0h 20013  
161       1 0 79181  106 106 154 37882  0 0h 0h 0h 40459  
162       1 0 74960  106 106 154 37882  0 0h 0h 0h 40459  
163       0 0 78977  106 106 154 37882  0 0h 0h 0h 40459  
164       0 0 89552  106 106 154 37882  0 0h 0h 0h 40459  
165       0 0 104569 106 106 154 37882  0 0h 0h 0h 40459  
166       0 0 120385 106 106 154 37882  0 0h 0h 0h 40459  
167       1 0 135189 106 106 154 37882  0 0h 0h 0h 40459  
168       1 0 145765 106 106 154 37882  0 0h 0h 0h 40459  
169       1 0 151090 106 106 154 37882  0 0h 0h 0h 40459  
170       1 0 151537 107 107 152 37882  0 0h 0h 0h 40459  
171       0 0 150280 107 107 152 37882  0 0h 0h 0h 40459  
172       0 1 147001 107 107 152 37882  0 0h 0h 0h 40459  
173       0 1 145093 107 107 152 -873   0 0h 0h 0h 1704   
174       0 1 144724 107 107 152 -873   0 0h 0h 0h 1704   
175       1 1 145225 107 107 152 -873   0 0h 0h 0h 1704   
176       1 0 146061 107 107 152 -873   0 0h 0h 0h 1704   
177       1 0 145850 107 107 152 -873   0 0h 0h 0h 1704   
178       1 0 141865 107 107 152 -873   0 0h 0h 0h 1704   
179       0 0 132925 107 107 152 -873   0 0h 0h 0h 1704   
180       0 0 117640 107 107 152 -873   0 0h 0h 0h 1704   
181       0 0 96725  107 107 152 -873   0 0h 0h 0h 1704   
182       0 0 73109  107 108 151 -873   0 0h 0h 0h 1704   
183       1 0 49985  107 108 151 -873   0 0h 0h 0h 1704   
184       1 0 33732  107 108 151 -873   0 0h 0h 0h 1704   
185       1 0 30829  107 108 151 38914  0 0h 0h 0h 41491  
186       1 0 46157  107 108 151 38914  0 0h 0h 0h 41491  
187       1 0 82458  107 108 151 38914  0 0h 0h 0h 41491  
188       1 0 137449 107 108 151 38914  0 0h 0h 0h 41491  
189       1 0 205481 107 108 151 38914  0 0h 0h 0h 41491  
190       1 0 276434 107 108 151 38914  0 0h 0h 0h 41491  
191       1 0 339985 107 108 151 38914  0 0h 0h 0h 41491  
192       1 0 385769 107 108 151 38914  0 0h 0h 0h 41491  
193       1 0 407026 107 108 151 38914  0 0h 0h 0h 41491  
194       1 0 403664 107 108 152 38914  0 0h 0h 0h 41491  
195       1 0 375965 107 108 152 38914  0 0h 0h 0h 41491  
196       1 1 332468 107 108 152 38914  0 0h 0h 0h 41491  
197       1 1 280130 107 108 152 49988  0 0h 0h 0h -50379 
198       1 1 226161 107 108 152 49988  0 0h 0h 0h -50379 
199       1 1 176914 107 108 152 49988  0 0h 0h 0h -50379 
200       1 0 135981 107 108 152 49988  0 0h 0h 0h -50379 
201       1 0 102901 107 108 152 49988  0 0h 0h 0h -50379 
202       1 0 78184  107 108 152 49988  0 0h 0h 0h -50379 
203       1 0 59722  107 108 152 49988  0 0h 0h 0h -50379 
204       1 1 46633  107 108 152 49988  0 0h 0h 0h -50379 
205       1 1 37309  107 108 152 49988  0 0h 0h 0h -50379 
206       1 1 31105  113 110 155 49988  0 0h 0h 0h -50379 
207       1 1 27890  113 110 155 49988  0 0h 0h 0h -50379 
208       1 1 28037  113 110 155 49988  0 0h 0h 0h -50379 
209       1 1 32320  113 110 155 10869  0 0h 0h 0h 13446  
210       1 1 41245  113 110 155 10869  0 0h 0h 0h 13446  
211       1 1 55204  113 110 155 10869  0 0h 0h 0h 13446  
212       1 1 73418  113 110 155 10869  0 0h 0h 0h 13446  
213       1 1 93565  113 110 155 10869  0 0h 0h 0h 13446  
214       1 1 113000 113 110 155 10869  0 0h 0h 0h 13446  
215       0 1 126761 113 110 155 10869  0 0h 0h 0h 13446  
216       0 0 132610 113 110 155 10869  0 0h 0h 0h 13446  
217       0 0 130121 113 110 155 10869  0 0h 0h 0h 13446  
218       0 0 118504 113 109 156 10869  0 0h 0h 0h 13446  
219       0 0 101581 113 109 156 10869  0 0h 0h 0h 13446  
220       0 0 84002  113 109 156 10869  0 0h 0h 0h 13446  
221       0 0 70337  113 109 156 10651  0 0h 0h 0h 13228  
222       0 0 62845  113 109 156 10651  0 0h 0h 0h 13228  
223       0 0 64360  113 109 156 10651  0 0h 0h 0h 13228  
224       0 1 72925  113 109 156 10651  0 0h 0h 0h 13228  
225       0 1 87200  113 109 156 10651  0 0h 0h 0h 13228  
226       0 1 104569 113 109 156 10651  0 0h 0h 0h 13228  
227       0 1 121697 113 109 156 10651  0 0h 0h 0h 13228  
228       0 0 137105 113 109 156 10651  0 0h 0h 0h 13228  
229       0 0 148826 113 109 156 10651  0 0h 0h 0h 13228  
230       0 0 156418 115 109 156 10651  0 0h 0h 0h 13228  
231       0 0 159970 115 109 156 10651  0 0h 0h 0h 13228  
232       0 0 160388 115 109 156 10651  0 0h 0h 0h 13228  
233       0 0 158292 115 109 156 -8737  0 0h 0h 0h -6160  
234       0 0 154453 115 109 156 -8737  0 0h 0h 0h -6160  
235       0 0 148937 115 109 156 -8737  0 0h 0h 0h -6160  
236       0 0 143525 115 109 156 -8737  0 0h 0h 0h -6160  
237       0 0 136970 115 109 156 -8737  0 0h 0h 0h -6160  
238       0 0 130885 115 109 156 -8737  0 0h 0h 0h -6160  
239       1 0 124345 115 109 156 -8737  0 0h 0h 0h -6160  
240       1 1 118116 115 109 156 -8737  0 0h 0h 0h -6160  
241       1 1 112768 115 109 156 -8737  0 0h 0h 0h -6160  
242       1 1 107957 117 111 154 -8737  0 0h 0h 0h -6160  
243       1 1 106301 117 111 154 -8737  0 0h 0h 0h -6160  
244       1 0 107501 117 111 154 -8737  0 0h 0h 0h -6160  
245       1 0 112360 117 111 154 543    0 0h 0h 0h 3120   
246       1 0 120266 117 111 154 543    0 0h 0h 0h 3120   
247       0 0 129605 117 111 154 543    0 0h 0h 0h 3120   
248       0 0 138665 117 111 154 543    0 0h 0h 0h 3120   
249       0 0 144400 117 111 154 543    0 0h 0h 0h 3120   
250       0 0 145805 117 111 154 543    0 0h 0h 0h 3120   
251       0 0 142085 117 111 154 543    0 0h 0h 0h 3120   
252       0 0 132530 117 111 154 543    0 0h 0h 0h 3120   
253       0 0 120025 117 111 154 543    0 0h 0h 0h 3120   
254       0 0 106346 115 110 152 543    0 0h 0h 0h 3120   
255       0 0 94505  115 110 152 543    0 0h 0h 0h 3120   
256       0 0 88650  115 110 152 543    0 0h 0h 0h 3120   
257       0 0 90058  115 110 152 37559  0 0h 0h 0h 40136  
258       0 0 100090 115 110 152 37559  0 0h 0h 0h 40136  
259       1 0 117793 115 110 152 37559  0 0h 0h 0h 40136  
260       1 0 138877 115 110 152 37559  0 0h 0h 0h 40136  
261       1 0 159120 115 110 152 37559  0 0h 0h 0h 40136  
262       1 0 172897 115 110 152 37559  0 0h 0h 0h 40136  
263       0 0 176125 115 110 152 37559  0 0h 0h 0h 40136  
264       0 0 164917 115 110 152 37559  0 0h 0h 0h 40136  
265       0 0 140816 115 110 152 37559  0 0h 0h 0h 40136  
266       0 0 106625 115 111 153 37559  0 0h 0h 0h 40136  
267       0 0 69737  115 111 153 37559  0 0h 0h 0h 40136  
268       0 1 37193  115 111 153 37559  0 0h 0h 0h 40136  
269       0 1 15949  115 111 153 38982  0 0h 0h 0h 41559  
270       0 1 9722   115 111 153 38982  0 0h 0h 0h 41559  
271       0 1 18785  115 111 153 38982  0 0h 0h 0h 41559  
272       0 0 38825  115 111 153 38982  0 0h 0h 0h 41559  
273       0 0 63101  115 111 153 38982  0 0h 0h 0h 41559  
274       0 0 83476  115 111 153 38982  0 0h 0h 0h 41559  
275       1 0 94153  115 111 153 38982  0 0h 0h 0h 41559  
276       1 0 92089  115 111 153 38982  0 0h 0h 0h 41559  
277       1 0 80165  115 111 153 38982  0 0h 0h 0h 41559  
278       1 0 64288  114 108 154 38982  0 0h 0h 0h 41559  
279       1 0 51776  114 108 154 38982  0 0h 0h 0h 41559  
280       1 1 50553  114 108 154 38982  0 0h 0h 0h 41559  
281       1 1 64250  114 108 154 -28543 0 0h 0h 0h -25966 
282       1 1 92482  114 108 154 -28543 0 0h 0h 0h -25966 
283       1 1 130945 114 108 154 -28543 0 0h 0h 0h -25966 
284       1 1 172170 114 108 154 -28543 0 0h 0h 0h -25966 
285       1 1 208777 114 108 154 -28543 0 0h 0h 0h -25966 
286       1 1 232333 114 108 154 -28543 0 0h 0h 0h -25966 
287       0 1 239605 114 108 154 -28543 0 0h 0h 0h -25966 
288       0 1 230693 114 108 154 -28543 0 0h 0h 0h -25966 
289       0 1 207226 114 108 154 -28543 0 0h 0h 0h -25966 
290       0 1 176885 113 110 151 -28543 0 0h 0h 0h -25966 
291       0 1 145480 113 110 151 -28543 0 0h 0h 0h -25966 
292       0 0 120740 113 110 151 -28543 0 0h 0h 0h -25966 
293       0 0 104932 113 110 151 2977   0 0h 0h 0h 5554   
294       0 0 101914 113 110 151 2977   0 0h 0h 0h 5554   
295       1 0 107797 113 110 151 2977   0 0h 0h 0h 5554   
296       1 0 119821 113 110 151 2977   0 0h 0h 0h 5554   
297       1 0 130441 113 110 151 2977   0 0h 0h 0h 5554   
298       1 0 135449 113 110 151 2977   0 0h 0h 0h 5554   
299       0 0 129064 113 110 151 2977   0 0h 0h 0h 5554   
300       0 0 110450 113 110 151 2977   0 0h 0h 0h 5554   
301       0 0 82210  113 110 151 2977   0 0h 0h 0h 5554   
302       0 0 50933  116 111 155 2977   0 0h 0h 0h 5554   
303       0 0 22738  116 111 155 2977   0 0h 0h 0h 5554   
304       0 0 6025   116 111 155 2977   0 0h 0h 0h 5554   
305       0 0 5389   116 111 155 2915   0 0h 0h 0h 5492   
306       0 0 21412  116 111 155 2915   0 0h 0h 0h 5492   
307       0 0 50900  116 111 155 2915   0 0h 0h 0h 5492   
308       0 0 86404  116 111 155 2915   0 0h 0h 0h 5492   
309       0 0 119365 116 111 155 2915   0 0h 0h 0h 5492   
310       0 0 141833 116 111 155 2915   0 0h 0h 0h 5492   
311       0 0 149405 116 111 155 2915   0 0h 0h 0h 5492   
312       0 0 139589 116 111 155 2915   0 0h 0h 0h 5492   
313       0 0 118458 116 111 155 2915   0 0h 0h 0h 5492   
314       0 0 91188  112 109 154 2915   0 0h 0h 0h 5492   
315       1 0 64948  112 109 154 2915   0 0h 0h 0h 5492   
316       1 0 47530  112 109 154 2915   0 0h 0h 0h 5492   
317       1 0 42106  112 109 154 -15721 0 0h 0h 0h -13145 
318       1 0 48866  112 109 154 -15721 0 0h 0h 0h -13145 
319       0 0 65749  112 109 154 -15721 0 0h 0h 0h -13145 
320       0 0 88393  112 109 154 -15721 0 0h 0h 0h -13145 
321       0 0 111609 112 109 154 -15721 0 0h 0h 0h -13145 
322       0 0 131053 112 109 154 -15721 0 0h 0h 0h -13145 
323       1 0 144820 112 109 154 -15721 0 0h 0h 0h -13145 
324       1 1 151321 112 109 154 -15721 0 0h 0h 0h -13145 
325       1 1 152192 112 109 154 -15721 0 0h 0h 0h -13145 
326       1 1 147920 113 110 154 -15721 0 0h 0h 0h -13145 
327       0 1 140249 113 110 154 -15721 0 0h 0h 0h -13145 
328       0 0 129824 113 110 154 -15721 0 0h 0h 0h -13145 
329       0 0 118666 113 110 154 -43201 0 0h 0h 0h -40624 
330       0 0 106793 113 110 154 -43201 0 0h 0h 0h -40624 
331       1 0 94337  113 110 154 -43201 0 0h 0h 0h -40624 
332       1 1 82228  113 110 154 -43201 0 0h 0h 0h -40624 
333       1 1 69380  113 110 154 -43201 0 0h 0h 0h -40624 
334       1 1 57940  113 110 154 -43201 0 0h 0h 0h -40624 
335       1 1 47876  113 110 154 -43201 0 0h 0h 0h -40624 
336       1 1 40757  113 110 154 -43201 0 0h 0h 0h -40624 
337       1 1 38898  113 110 154 -43201 0 0h 0h 0h -40624 
338       1 1 43661  115 110 154 -43201 0 0h 0h 0h -40624 
339       1 1 56569  115 110 154 -43201 0 0h 0h 0h -40624 
340       1 1 77600  115 110 154 -43201 0 0h 0h 0h -40624 
341       1 1 106562 115 110 154 15873  0 0h 0h 0h 18450  
342       1 1 139400 115 110 154 15873  0 0h 0h 0h 18450  
343       0 1 173545 115 110 154 15873  0 0h 0h 0h 18450  
344       0 1 204669 115 110 154 15873  0 0h 0h 0h 18450  
345       0 1 227365 115 110 154 15873  0 0h 0h 0h 18450  
346       0 1 240154 115 110 154 15873  0 0h 0h 0h 18450  
347       0 1 239450 115 110 154 15873  0 0h 0h 0h 18450  
348       0 0 228233 115 110 154 15873  0 0h 0h 0h 18450  
349       0 0 207821 115 110 154 15873  0 0h 0h 0h 18450  
350       0 0 182690 113 112 152 15873  0 0h 0h 0h 18450  
351       0 0 156197 113 112 152 15873  0 0h 0h 0h 18450  
352       0 0 131665 113 112 152 15873  0 0h 0h 0h 18450  
353       0 0 111218 113 112 152 49632  0 0h 0h 0h -50735 
354       0 0 95888  113 112 152 49632  0 0h 0h 0h -50735 
355       0 0 84269  113 112 152 49632  0 0h 0h 0h -50735 
356       0 0 75065  113 112 152 49632  0 0h 0h 0h -50735 
357       0 0 67250  113 112 152 49632  0 0h 0h 0h -50735 
358       0 0 58756  113 112 152 49632  0 0h 0h 0h -50735 
359       1 0 50285  113 112 152 49632  0 0h 0h 0h -50735 
360       1 1 42353  113 112 152 49632  0 0h 0h 0h -50735 
361       1 1 36697  113 112 152 49632  0 0h 0h 0h -50735 
362       1 1 35362  116 110 154 49632  0 0h 0h 0h -50735 
363       1 1 40000  116 110 154 49632  0 0h 0h 0h -50735 
364       1 1 52538  116 110 154 49632  0 0h 0h 0h -50735 
365       1 1 72740  116 110 154 -26943 0 0h 0h 0h -24366 
366       1 1 100201 116 110 154 -26943 0 0h 0h 0h -24366 
367       1 1 131013 116 110 154 -26943 0 0h 0h 0h -24366 
368       1 1 161408 116 110 154 -26943 0 0h 0h 0h -24366 
369       1 1 185113 116 110 154 -26943 0 0h 0h 0h -24366 
370       1 1 198442 116 110 154 -26943 0 0h 0h 0h -24366 
371       0 1 195273 116 110 154 -26943 0 0h 0h 0h -24366 
372       0 1 175685 116 110 154 -26943 0 0h 0h 0h -24366 
373       0 1 143713 116 110 154 -26943 0 0h 0h 0h -24366 
374       0 1 105277 116 112 151 -26943 0 0h 0h 0h -24366 
375       1 1 69074  116 112 151 -26943 0 0h 0h 0h -24366 
376       1 0 43940  116 112 151 -26943 0 0h 0h 0h -24366 
377       1 0 36794  116 112 151 20648  0 0h 0h 0h 23225  
378       1 0 50609  116 112 151 20648  0 0h 0h 0h 23225  
379       1 0 83225  116 112 151 20648  0 0h 0h 0h 23225  
380       1 1 127705 116 112 151 20648  0 0h 0h 0h 23225  
381       1 1 174033 116 112 151 20648  0 0h 0h 0h 23225  
382       1 1 212384 116 112 151 20648  0 0h 0h 0h 23225  
383       1 1 235097 116 112 151 20648  0 0h 0h 0h 23225  
384       1 0 237458 116 112 151 20648  0 0h 0h 0h 23225  
385       1 0 221890 116 112 151 20648  0 0h 0h 0h 23225  
386       1 0 191074 115 112 151 20648  0 0h 0h 0h 23225  
387       0 0 155794 115 112 151 20648  0 0h 0h 0h 23225  
388       0 1 122554 115 112 151 20648  0 0h 0h 0h 23225  
389       0 1 98881  115 112 151 -10944 0 0h 0h 0h -8367  
390       0 1 87217  115 112 151 -10944 0 0h 0h 0h -8367  
391       1 1 87754  115 112 151 -10944 0 0h 0h 0h -8367  
392       1 0 95626  115 112 151 -10944 0 0h 0h 0h -8367  
393       1 0 106312 115 112 151 -10944 0 0h 0h 0h -8367  
394       1 0 113140 115 112 151 -10944 0 0h 0h 0h -8367  
395       1 0 112978 115 112 151 -10944 0 0h 0h 0h -8367  
396       1 1 104884 115 112 151 -10944 0 0h 0h 0h -8367  
397       1 1 89380  115 112 151 -10944 0 0h 0h 0h -8367  
398       1 1 69700  115 112 153 -10944 0 0h 0h 0h -8367  
399       0 1 51785  115 112 153 -10944 0 0h 0h 0h -8367  
400       0 0 39524  115 112 153 -10944 0 0h 0h 0h -8367  
401       0 0 36928  115 112 153 -13000 0 0h 0h 0h -10423 
402       0 0 44773  115 112 153 -13000 0 0h 0h 0h -10423 
403       1 0 61585  115 112 153 -13000 0 0h 0h 0h -10423 
404       1 0 84401  115 112 153 -13000 0 0h 0h 0h -10423 
405       1 0 108610 115 112 153 -13000 0 0h 0h 0h -10423 
406       1 0 130082 115 112 153 -13000 0 0h 0h 0h -10423 
407       0 0 145832 115 112 153 -13000 0 0h 0h 0h -10423 
408       0 1 153490 115 112 153 -13000 0 0h 0h 0h -10423 
409       0 1 153517 115 112 153 -13000 0 0h 0h 0h -10423 
410       0 1 148538 114 111 153 -13000 0 0h 0h 0h -10423 
411       0 1 139298 114 111 153 -13000 0 0h 0h 0h -10423 
412       0 0 130612 114 111 153 -13000 0 0h 0h 0h -10423 
413       0 0 122989 114 111 153 -41039 0 0h 0h 0h -38462 
414       0 0 117665 114 111 153 -41039 0 0h 0h 0h -38462 
415       1 0 114568 114 111 153 -41039 0 0h 0h 0h -38462 
416       1 1 112850 114 111 153 -41039 0 0h 0h 0h -38462 
417       1 1 113786 114 111 153 -41039 0 0h 0h 0h -38462 
418       1 1 115177 114 111 153 -41039 0 0h 0h 0h -38462 
419       1 1 118178 114 111 153 -41039 0 0h 0h 0h -38462 
420       1 1 121725 114 111 153 -41039 0 0h 0h 0h -38462 
421       1 1 127153 114 111 153 -41039 0 0h 0h 0h -38462 
422       1 1 134345 115 111 153 -41039 0 0h 0h 0h -38462 
423       0 1 143093 115 111 153 -41039 0 0h 0h 0h -38462 
424       0 1 153001 115 111 153 -41039 0 0h 0h 0h -38462 
425       0 1 165005 115 111 153 38673  0 0h 0h 0h 41250  
426       0 1 177773 115 111 153 38673  0 0h 0h 0h 41250  
427       0 1 190125 115 111 153 38673  0 0h 0h 0h 41250  
428       0 0 198189 115 111 153 38673  0 0h 0h 0h 41250  
429       0 0 203009 115 111 153 38673  0 0h 0h 0h 41250  
430       0 0 200889 115 111 153 38673  0 0h 0h 0h 41250  
431       0 0 191069 115 111 153 38673  0 0h 0h 0h 41250  
432       0 0 172818 115 111 153 38673  0 0h 0h 0h 41250  
433       0 0 148957 115 111 153 38673  0 0h 0h 0h 41250  
434       0 0 121329 115 112 153 38673  0 0h 0h 0h 41250  
435       1 0 93600  115 112 153 38673  0 0h 0h 0h 41250  
436       1 1 71840  115 112 153 38673  0 0h 0h 0h 41250  
437       1 1 58084  115 112 153 13217  0 0h 0h 0h 15794  
438       1 1 55144  115 112 153 13217  0 0h 0h 0h 15794  
439       0 1 62101  115 112 153 13217  0 0h 0h 0h 15794  
440       0 1 75545  115 112 153 13217  0 0h 0h 0h 15794  
441       0 1 89605  115 112 153 13217  0 0h 0h 0h 15794  
442       0 1 98701  115 112 153 13217  0 0h 0h 0h 15794  
443       1 1 97682  115 112 153 13217  0 0h 0h 0h 15794  
444       1 0 84541  115 112 153 13217  0 0h 0h 0h 15794  
445       1 0 62401  115 112 153 13217  0 0h 0h 0h 15794  
446       1 0 36884  115 112 154 13217  0 0h 0h 0h 15794  
447       0 0 15021  115 112 154 13217  0 0h 0h 0h 15794  
448       0 0 5490   115 112 154 13217  0 0h 0h 0h 15794  
449       0 0 13634  115 112 154 49876  0 0h 0h 0h -50491 
450       0 0 40409  115 112 154 49876  0 0h 0h 0h -50491 
451       1 0 81293  115 112 154 49876  0 0h 0h 0h -50491 
452       1 0 127125 115 112 154 49876  0 0h 0h 0h -50491 
453       1 0 167540 115 112 154 49876  0 0h 0h 0h -50491 
454       1 0 190868 115 112 154 49876  0 0h 0h 0h -50491 
455       1 0 190445 115 112 154 49876  0 0h 0h 0h -50491 
456       1 1 167050 115 112 154 49876  0 0h 0h 0h -50491 
457       1 1 124261 115 112 154 49876  0 0h 0h 0h -50491 
458       1 1 74546  111 109 154 49876  0 0h 0h 0h -50491 
459       1 1 31037  111 109 154 49876  0 0h 0h 0h -50491 
460       1 1 4409   111 109 154 49876  0 0h 0h 0h -50491 
461       1 1 2336   111 109 154 18566  0 0h 0h 0h 21143  
462       1 1 25281  111 109 154 18566  0 0h 0h 0h 21143  
463       0 1 67997  111 109 154 18566  0 0h 0h 0h 21143  
464       0 1 121421 111 109 154 18566  0 0h 0h 0h 21143  
465       0 1 173594 111 109 154 18566  0 0h 0h 0h 21143  
466       0 1 217153 111 109 154 18566  0 0h 0h 0h 21143  
467       0 1 245017 111 109 154 18566  0 0h 0h 0h 21143  
468       0 0 259585 111 109 154 18566  0 0h 0h 0h 21143  
469       0 0 262692 111 109 154 18566  0 0h 0h 0h 21143  
470       0 0 258682 111 109 154 18566  0 0h 0h 0h 21143  
471       0 0 251485 111 109 154 18566  0 0h 0h 0h 21143  
472       0 0 242237 111 109 154 18566  0 0h 0h 0h 21143  
473       0 0 231241 111 109 154 -15688 0 0h 0h 0h -13111 
474       0 0 214497 111 109 154 -15688 0 0h 0h 0h -13111 
475       0 0 191402 111 109 154 -15688 0 0h 0h 0h -13111 
476       0 0 161074 111 109 154 -15688 0 0h 0h 0h -13111 
477       0 0 124865 111 109 154 -15688 0 0h 0h 0h -13111 
478       0 0 88337  111 109 154 -15688 0 0h 0h 0h -13111 
479       0 0 54760  111 109 154 -15688 0 0h 0h 0h -13111 
480       0 1 29930  111 109 154 -15688 0 0h 0h 0h -13111 
481       0 1 16484  111 109 154 -15688 0 0h 0h 0h -13111 
482       0 1 15250  115 112 155 -15688 0 0h 0h 0h -13111 
483       0 1 25876  115 112 155 -15688 0 0h 0h 0h -13111 
484       0 0 46085  115 112 155 -15688 0 0h 0h 0h -13111 
485       0 0 73685  115 112 155 3932   0 0h 0h 0h 6509   
486       0 0 105650 115 112 155 3932   0 0h 0h 0h 6509   
487       1 0 138277 115 112 155 3932   0 0h 0h 0h 6509   
488       1 0 167842 115 112 155 3932   0 0h 0h 0h 6509   
489       1 0 189890 115 112 155 3932   0 0h 0h 0h 6509   
490       1 0 199121 115 112 155 3932   0 0h 0h 0h 6509   
491       0 0 193433 115 112 155 3932   0 0h 0h 0h 6509   
492       0 0 172853 115 112 155 3932   0 0h 0h 0h 6509   
493       0 0 140650 115 112 155 3932   0 0h 0h 0h 6509   
494       0 0 101665 109 109 151 3932   0 0h 0h 0h 6509   
495       0 0 63466  109 109 151 3932   0 0h 0h 0h 6509   
496       0 0 34213  109 109 151 3932   0 0h 0h 0h 6509   
497       0 0 19625  109 109 151 7171   0 0h 0h 0h 9748   
498       0 0 23272  109 109 151 7171   0 0h 0h 0h 9748   
499       0 0 44785  109 109 151 7171   0 0h 0h 0h 9748   
500       0 1 82469  109 109 151 7171   0 0h 0h 0h 9748   
501       0 1 129205 109 109 151 7171   0 0h 0h 0h 9748   
502       0 1 180373 109 109 151 7171   0 0h 0h 0h 9748   
503       0 1 229280 109 109 151 7171   0 0h 0h 0h 9748   
504       0 0 269321 109 109 151 7171   0 0h 0h 0h 9748   
505       0 0 298157 109 109 151 7171   0 0h 0h 0h 9748   
506       0 0 313205 109 108 152 7171   0 0h 0h 0h 9748   
507       0 0 316010 109 108 152 7171   0 0h 0h 0h 9748   
508       0 0 309490 109 108 152 7171   0 0h 0h 0h 9748   
509       0 0 296650 109 108 152 -26685 0 0h 0h 0h -24108 
510       0 0 281933 109 108 152 -26685 0 0h 0h 0h -24108 
511       1 0 268192 109 108 152 -26685 0 0h 0h 0h -24108 
512       1 1 258196 109 108 152 -26685 0 0h 0h 0h -24108 
513       1 1 250753 109 108 152 -26685 0 0h 0h 0h -24108 
514       1 1 246613 109 108 152 -26685 0 0h 0h 0h -24108 
515       0 1 244105 109 108 152 -26685 0 0h 0h 0h -24108 
516       0 1 240818 109 108 152 -26685 0 0h 0h 0h -24108 
517       0 1 235625 109 108 152 -26685 0 0h 0h 0h -24108 
518       0 1 229081 111 109 153 -26685 0 0h 0h 0h -24108 
519       1 1 219962 111 109 153 -26685 0 0h 0h 0h -24108 
520       1 0 210176 111 109 153 -26685 0 0h 0h 0h -24108 
521       1 0 200618 111 109 153 14891  0 0h 0h 0h 17468  
522       1 0 192770 111 109 153 14891  0 0h 0h 0h 17468  
523       1 0 187493 111 109 153 14891  0 0h 0h 0h 17468  
524       1 1 186176 111 109 153 14891  0 0h 0h 0h 17468  
525       1 1 187709 111 109 153 14891  0 0h 0h 0h 17468  
526       1 1 191252 111 109 153 14891  0 0h 0h 0h 17468  
527       1 1 195106 111 109 153 14891  0 0h 0h 0h 17468  
528       1 0 198754 111 109 153 14891  0 0h 0h 0h 17468  
529       1 0 201330 111 109 153 14891  0 0h 0h 0h 17468  
530       1 0 204425 111 109 154 14891  0 0h 0h 0h 17468  
531       0 0 207016 111 109 154 14891  0 0h 0h 0h 17468  
532       0 0 209225 111 109 154 14891  0 0h 0h 0h 17468  
533       0 0 212005 111 109 154 -42704 0 0h 0h 0h -40127 
534       0 0 215162 111 109 154 -42704 0 0h 0h 0h -40127 
535       0 0 214965 111 109 154 -42704 0 0h 0h 0h -40127 
536       0 1 211973 111 109 154 -42704 0 0h 0h 0h -40127 
537       0 1 204506 111 109 154 -42704 0 0h 0h 0h -40127 
538       0 1 191749 111 109 154 -42704 0 0h 0h 0h -40127 
539       0 1 174562 111 109 154 -42704 0 0h 0h 0h -40127 
540       0 1 154277 111 109 154 -42704 0 0h 0h 0h -40127 
541       0 1 131897 111 109 154 -42704 0 0h 0h 0h -40127 
542       0 1 110821 115 113 155 -42704 0 0h 0h 0h -40127 
543       1 1 92916  115 113 155 -42704 0 0h 0h 0h -40127 
544       1 1 79498  115 113 155 -42704 0 0h 0h 0h -40127 
545       1 1 71752  115 113 155 38212  0 0h 0h 0h 40789  
546       1 1 69557  115 113 155 38212  0 0h 0h 0h 40789  
547       1 1 72810  115 113 155 38212  0 0h 0h 0h 40789  
548       1 0 79061  115 113 155 38212  0 0h 0h 0h 40789  
549       1 0 87221  115 113 155 38212  0 0h 0h 0h 40789  
550       1 0 94792  115 113 155 38212  0 0h 0h 0h 40789  
551       1 0 99425  115 113 155 38212  0 0h 0h 0h 40789  
552       1 0 99764  115 113 155 38212  0 0h 0h 0h 40789  
553       1 0 94946  115 113 155 38212  0 0h 0h 0h 40789  
554       1 0 85985  113 110 155 38212  0 0h 0h 0h 40789  
555       0 0 73800  113 110 155 38212  0 0h 0h 0h 40789  
556       0 1 63568  113 110 155 38212  0 0h 0h 0h 40789  
557       0 1 58090  113 110 155 11214  0 0h 0h 0h 13790  
558       0 1 61645  113 110 155 11214  0 0h 0h 0h 13790  
559       0 1 73666  113 110 155 11214  0 0h 0h 0h 13790  
560       0 1 92804  113 110 155 11214  0 0h 0h 0h 13790  
561       0 1 113845 113 110 155 11214  0 0h 0h 0h 13790  
562       0 1 130241 113 110 155 11214  0 0h 0h 0h 13790  
563       1 1 134921 113 110 155 11214  0 0h 0h 0h 13790  
564       1 0 125597 113 110 155 11214  0 0h 0h 0h 13790  
565       1 0 102257 113 110 155 11214  0 0h 0h 0h 13790  
566       1 0 70226  109 109 151 11214  0 0h 0h 0h 13790  
567       1 0 38618  109 109 151 11214  0 0h 0h 0h 13790  
568       1 0 16360  109 109 151 11214  0 0h 0h 0h 13790  
569       1 0 10141  109 109 151 50678  0 0h 0h 0h -49689 
570       1 0 22193  109 109 151 50678  0 0h 0h 0h -49689 
571       1 0 48914  109 109 151 50678  0 0h 0h 0h -49689 
572       1 0 81770  109 109 151 50678  0 0h 0h 0h -49689 
573       1 0 111418 109 109 151 50678  0 0h 0h 0h -49689 
574       1 0 127413 109 109 151 50678  0 0h 0h 0h -49689 
575       0 0 126436 109 109 151 50678  0 0h 0h 0h -49689 
576       0 1 108386 109 109 151 50678  0 0h 0h 0h -49689 
577       0 1 79589  109 109 151 50678  0 0h 0h 0h -49689 
578       0 1 47458  109 107 153 50678  0 0h 0h 0h -49689 
579       1 1 22157  109 107 153 50678  0 0h 0h 0h -49689 
580       1 1 10145  109 107 153 50678  0 0h 0h 0h -49689 
581       1 1 14369  109 107 153 -42331 0 0h 0h 0h -39754 
582       1 1 33188  109 107 153 -42331 0 0h 0h 0h -39754 
583       0 1 61549  109 107 153 -42331 0 0h 0h 0h -39754 
584       0 1 92489  109 107 153 -42331 0 0h 0h 0h -39754 
585       0 1 119698 109 107 153 -42331 0 0h 0h 0h -39754 
586       0 1 138905 109 107 153 -42331 0 0h 0h 0h -39754 
587       0 1 146836 109 107 153 -42331 0 0h 0h 0h -39754 
588       0 1 145573 109 107 153 -42331 0 0h 0h 0h -39754 
589       0 1 137344 109 107 153 -42331 0 0h 0h 0h -39754 
590       0 1 127060 107 106 151 -42331 0 0h 0h 0h -39754 
591       0 1 119650 107 106 151 -42331 0 0h 0h 0h -39754 
592       0 1 120625 107 106 151 -42331 0 0h 0h 0h -39754 
593       0 1 131810 107 106 151 -29241 0 0h 0h 0h -26664 
594       0 1 153994 107 106 151 -29241 0 0h 0h 0h -26664 
595       0 1 184266 107 106 151 -29241 0 0h 0h 0h -26664 
596       0 1 216080 107 106 151 -29241 0 0h 0h 0h -26664 
597       0 1 243090 107 106 151 -29241 0 0h 0h 0h -26664 
598       0 1 258397 107 106 151 -29241 0 0h 0h 0h -26664 
599       0 1 254241 107 106 151 -29241 0 0h 0h 0h -26664 
600       0 1 231433 107 106 151 -29241 0 0h 0h 0h -26664 
601       0 1 190829 107 106 151 -29241 0 0h 0h 0h -26664 
602       0 1 141433 106 106 151 -29241 0 0h 0h 0h -26664 
603       1 1 91253  106 106 151 -29241 0 0h 0h 0h -26664 
604       1 0 50522  106 106 151 -29241 0 0h 0h 0h -26664 
605       1 0 27061  106 106 151 -40293 0 0h 0h 0h -37716 
606       1 0 24602  106 106 151 -40293 0 0h 0h 0h -37716 
607       0 0 41301  106 106 151 -40293 0 0h 0h 0h -37716 
608       0 1 69337  106 106 151 -40293 0 0h 0h 0h -37716 
609       0 1 99341  106 106 151 -40293 0 0h 0h 0h -37716 
610       0 1 120770 106 106 151 -40293 0 0h 0h 0h -37716 
611       0 1 126881 106 106 151 -40293 0 0h 0h 0h -37716 
612       0 1 114525 106 106 151 -40293 0 0h 0h 0h -37716 
613       0 1 87370  106 106 151 -40293 0 0h 0h 0h -37716 
614       0 1 54805  107 106 153 -40293 0 0h 0h 0h -37716 
615       0 1 26129  107 106 153 -40293 0 0h 0h 0h -37716 
616       0 1 12610  107 106 153 -40293 0 0h 0h 0h -37716 
617       0 1 20500  107 106 153 -25598 0 0h 0h 0h -23022 
618       0 1 51525  107 106 153 -25598 0 0h 0h 0h -23022 
619       0 1 101133 107 106 153 -25598 0 0h 0h 0h -23022 
620       0 1 161530 107 106 153 -25598 0 0h 0h 0h -23022 
621       0 1 222581 107 106 153 -25598 0 0h 0h 0h -23022 
622       0 1 272249 107 106 153 -25598 0 0h 0h 0h -23022 
623       1 1 304826 107 106 153 -25598 0 0h 0h 0h -23022 
624       1 1 316100 107 106 153 -25598 0 0h 0h 0h -23022 
625       1 1 307085 107 106 153 -25598 0 0h 0h 0h -23022 
626       1 1 284170 105 105 153 -25598 0 0h 0h 0h -23022 
627       0 1 253412 105 105 153 -25598 0 0h 0h 0h -23022 
628       0 0 223154 105 105 153 -25598 0 0h 0h 0h -23022 
629       0 0 196324 105 105 153 3782   0 0h 0h 0h 6358   
630       0 0 177125 105 105 153 3782   0 0h 0h 0h 6358   
631       0 0 165841 105 105 153 3782   0 0h 0h 0h 6358   
632       0 0 161762 105 105 153 3782   0 0h 0h 0h 6358   
633       0 0 161384 105 105 153 3782   0 0h 0h 0h 6358   
634       0 0 164849 105 105 153 3782   0 0h 0h 0h 6358   
635       1 0 169705 105 105 153 3782   0 0h 0h 0h 6358   
636       1 0 176305 105 105 153 3782   0 0h 0h 0h 6358   
637       1 0 183626 105 105 153 3782   0 0h 0h 0h 6358   
638       1 0 192265 109 107 155 3782   0 0h 0h 0h 6358   
639       1 0 203584 109 107 155 3782   0 0h 0h 0h 6358   
640       1 0 217825 109 107 155 3782   0 0h 0h 0h 6358   
641       1 0 234148 109 107 155 -38100 0 0h 0h 0h -35523 
642       1 0 251194 109 107 155 -38100 0 0h 0h 0h -35523 
643       0 0 267445 109 107 155 -38100 0 0h 0h 0h -35523 
644       0 1 278120 109 107 155 -38100 0 0h 0h 0h -35523 
645       0 1 282681 109 107 155 -38100 0 0h 0h 0h -35523 
646       0 1 278026 109 107 155 -38100 0 0h 0h 0h -35523 
647       1 1 263365 109 107 155 -38100 0 0h 0h 0h -35523 
648       1 1 238585 109 107 155 -38100 0 0h 0h 0h -35523 
649       1 1 208458 109 107 155 -38100 0 0h 0h 0h -35523 
650       1 1 175930 112 112 155 -38100 0 0h 0h 0h -35523 
651       1 1 143636 112 112 155 -38100 0 0h 0h 0h -35523 
652       1 1 118224 112 112 155 -38100 0 0h 0h 0h -35523 
653       1 1 100106 112 112 155 4293   0 0h 0h 0h 6870   
654       1 1 91570  112 112 155 4293   0 0h 0h 0h 6870   
655       1 1 92560  112 112 155 4293   0 0h 0h 0h 6870   
656       1 0 101105 112 112 155 4293   0 0h 0h 0h 6870   
657       1 0 114265 112 112 155 4293   0 0h 0h 0h 6870   
658       1 0 128885 112 112 155 4293   0 0h 0h 0h 6870   
659       0 0 143560 112 112 155 4293   0 0h 0h 0h 6870   
660       0 0 154309 112 112 155 4293   0 0h 0h 0h 6870   
661       0 0 160912 112 112 155 4293   0 0h 0h 0h 6870   
662       0 0 162745 113 112 157 4293   0 0h 0h 0h 6870   
663       1 0 160625 113 112 157 4293   0 0h 0h 0h 6870   
664       1 0 154765 113 112 157 4293   0 0h 0h 0h 6870   
665       1 0 147610 113 112 157 26298  0 0h 0h 0h 28874  
666       1 0 140445 113 112 157 26298  0 0h 0h 0h 28874  
667       0 0 133877 113 112 157 26298  0 0h 0h 0h 28874  
668       0 1 127730 113 112 157 26298  0 0h 0h 0h 28874  
669       0 1 123433 113 112 157 26298  0 0h 0h 0h 28874  
670       0 1 121441 113 112 157 26298  0 0h 0h 0h 28874  
671       1 1 121181 113 112 157 26298  0 0h 0h 0h 28874  
672       1 0 125060 113 112 157 26298  0 0h 0h 0h 28874  
673       1 0 134152 113 112 157 26298  0 0h 0h 0h 28874  
674       1 0 150824 113 112 157 26298  0 0h 0h 0h 28874  
675       0 0 175033 113 112 157 26298  0 0h 0h 0h 28874  
676       0 1 205697 113 112 157 26298  0 0h 0h 0h 28874  
677       0 1 238789 113 112 157 -13194 0 0h 0h 0h -10617 
678       0 1 270194 113 112 157 -13194 0 0h 0h 0h -10617 
679       1 1 292285 113 112 157 -13194 0 0h 0h 0h -10617 
680       1 0 299540 113 112 157 -13194 0 0h 0h 0h -10617 
681       1 0 286416 113 112 157 -13194 0 0h 0h 0h -10617 
682       1 0 255520 113 112 157 -13194 0 0h 0h 0h -10617 
683       1 0 206005 113 112 157 -13194 0 0h 0h 0h -10617 
684       1 1 146393 113 112 157 -13194 0 0h 0h 0h -10617 
685       1 1 87322  113 112 157 -13194 0 0h 0h 0h -10617 
686       1 1 37825  114 116 156 -13194 0 0h 0h 0h -10617 
687       0 1 7090   114 116 156 -13194 0 0h 0h 0h -10617 
688       0 0 905    114 116 156 -13194 0 0h 0h 0h -10617 
689       0 0 18973  114 116 156 47856  0 0h 0h 0h 50433  
690       0 0 57044  114 116 156 47856  0 0h 0h 0h 50433  
691       0 0 104570 114 116 156 47856  0 0h 0h 0h 50433  
692       0 0 151045 114 116 156 47856  0 0h 0h 0h 50433  
693       0 0 184325 114 116 156 47856  0 0h 0h 0h 50433  
694       0 0 195625 114 116 156 47856  0 0h 0h 0h 50433  
695       1 0 183569 114 116 156 47856  0 0h 0h 0h 50433  
696       1 1 151090 114 116 156 47856  0 0h 0h 0h 50433  
697       1 1 105250 114 116 156 47856  0 0h 0h 0h 50433  
698       1 1 57677  111 114 158 47856  0 0h 0h 0h 50433  
699       0 1 20529  111 114 158 47856  0 0h 0h 0h 50433  
700       0 1 1768   111 114 158 47856  0 0h 0h 0h 50433  
701       0 1 5204   111 114 158 -39970 0 0h 0h 0h -37394 
702       0 1 27365  111 114 158 -39970 0 0h 0h 0h -37394 
703       1 1 61205  111 114 158 -39970 0 0h 0h 0h -37394 
704       1 1 95981  111 114 158 -39970 0 0h 0h 0h -37394 
705       1 1 122900 111 114 158 -39970 0 0h 0h 0h -37394 
706       1 1 133681 111 114 158 -39970 0 0h 0h 0h -37394 
707       1 1 128452 111 114 158 -39970 0 0h 0h 0h -37394 
708       1 1 110024 111 114 158 -39970 0 0h 0h 0h -37394 
709       1 1 86293  111 114 158 -39970 0 0h 0h 0h -37394 
710       1 1 62793  111 114 158 -39970 0 0h 0h 0h -37394 
711       1 1 47464  111 114 158 -39970 0 0h 0h 0h -37394 
712       1 1 44081  111 114 158 -39970 0 0h 0h 0h -37394 
713       1 1 53969  111 114 158 49342  0 0h 0h 0h -51025 
714       1 1 74749  111 114 158 49342  0 0h 0h 0h -51025 
715       1 1 102170 111 114 158 49342  0 0h 0h 0h -51025 
716       1 0 131410 111 114 158 49342  0 0h 0h 0h -51025 
717       1 0 157522 111 114 158 49342  0 0h 0h 0h -51025 
718       1 0 178120 111 114 158 49342  0 0h 0h 0h -51025 
719       0 0 190994 111 114 158 49342  0 0h 0h 0h -51025 
720       0 1 195793 111 114 158 49342  0 0h 0h 0h -51025 
721       0 1 195728 111 114 158 49342  0 0h 0h 0h -51025 
722       0 1 192776 109 115 157 49342  0 0h 0h 0h -51025 
723       1 1 189881 109 115 157 49342  0 0h 0h 0h -51025 
724       1 1 190181 109 115 157 49342  0 0h 0h 0h -51025 
725       1 1 192817 109 115 157 22034  0 0h 0h 0h 24611  
726       1 1 198580 109 115 157 22034  0 0h 0h 0h 24611  
727       1 1 205213 109 115 157 22034  0 0h 0h 0h 24611  
728       1 1 209810 109 115 157 22034  0 0h 0h 0h 24611  
729       1 1 209426 109 115 157 22034  0 0h 0h 0h 24611  
730       1 1 201620 109 115 157 22034  0 0h 0h 0h 24611  
731       1 1 188224 109 115 157 22034  0 0h 0h 0h 24611  
732       1 0 169940 109 115 157 22034  0 0h 0h 0h 24611  
733       1 0 151169 109 115 157 22034  0 0h 0h 0h 24611  
734       1 0 135797 110 115 160 22034  0 0h 0h 0h 24611  
735       0 0 127124 110 115 160 22034  0 0h 0h 0h 24611  
736       0 1 128369 110 115 160 22034  0 0h 0h 0h 24611  
737       0 1 138916 110 115 160 19842  0 0h 0h 0h 22419  
738       0 1 156482 110 115 160 19842  0 0h 0h 0h 22419  
739       1 1 176013 110 115 160 19842  0 0h 0h 0h 22419  
740       1 1 192953 110 115 160 19842  0 0h 0h 0h 22419  
741       1 1 203840 110 115 160 19842  0 0h 0h 0h 22419  
742       1 1 205928 110 115 160 19842  0 0h 0h 0h 22419  
743       1 1 198185 110 115 160 19842  0 0h 0h 0h 22419  
744       1 0 181376 110 115 160 19842  0 0h 0h 0h 22419  
745       1 0 158098 110 115 160 19842  0 0h 0h 0h 22419  
746       1 0 130925 110 118 159 19842  0 0h 0h 0h 22419  
747       0 0 104285 110 118 159 19842  0 0h 0h 0h 22419  
748       0 1 81005  110 118 159 19842  0 0h 0h 0h 22419  
749       0 1 64685  110 118 159 38049  0 0h 0h 0h 40625  
750       0 1 58082  110 118 159 38049  0 0h 0h 0h 40625  
751       1 1 61282  110 118 159 38049  0 0h 0h 0h 40625  
752       1 0 74097  110 118 159 38049  0 0h 0h 0h 40625  
753       1 0 92560  110 118 159 38049  0 0h 0h 0h 40625  
754       1 0 112925 110 118 159 38049  0 0h 0h 0h 40625  
755       0 0 130565 110 118 159 38049  0 0h 0h 0h 40625  
756       0 0 142085 110 118 159 38049  0 0h 0h 0h 40625  
757       0 0 146250 110 118 159 38049  0 0h 0h 0h 40625  
758       0 0 142498 110 115 161 38049  0 0h 0h 0h 40625  
759       1 0 133850 110 115 161 38049  0 0h 0h 0h 40625  
760       1 1 122621 110 115 161 38049  0 0h 0h 0h 40625  
761       1 1 112360 110 115 161 -10019 0 0h 0h 0h -7442  
762       1 1 105425 110 115 161 -10019 0 0h 0h 0h -7442  
763       1 1 103077 110 115 161 -10019 0 0h 0h 0h -7442  
764       1 0 104485 110 115 161 -10019 0 0h 0h 0h -7442  
765       1 0 109309 110 115 161 -10019 0 0h 0h 0h -7442  
766       1 0 116001 110 115 161 -10019 0 0h 0h 0h -7442  
767       0 0 123313 110 115 161 -10019 0 0h 0h 0h -7442  
768       0 1 131540 110 115 161 -10019 0 0h 0h 0h -7442  
769       0 1 140165 110 115 161 -10019 0 0h 0h 0h -7442  
770       0 1 149992 110 116 160 -10019 0 0h 0h 0h -7442  
771       0 1 159953 110 116 160 -10019 0 0h 0h 0h -7442  
772       0 0 170809 110 116 160 -10019 0 0h 0h 0h -7442  
773       0 0 182066 110 116 160 38297  0 0h 0h 0h 40874  
774       0 0 192770 110 116 160 38297  0 0h 0h 0h 40874  
775       0 0 201140 110 116 160 38297  0 0h 0h 0h 40874  
776       0 0 205697 110 116 160 38297  0 0h 0h 0h 40874  
777       0 0 203897 110 116 160 38297  0 0h 0h 0h 40874  
778       0 0 193604 110 116 160 38297  0 0h 0h 0h 40874  
779       0 0 174653 110 116 160 38297  0 0h 0h 0h 40874  
780       0 0 146000 110 116 160 38297  0 0h 0h 0h 40874  
781       0 0 111233 110 116 160 38297  0 0h 0h 0h 40874  
782       0 0 73525  110 117 160 38297  0 0h 0h 0h 40874  
783       0 0 39200  110 117 160 38297  0 0h 0h 0h 40874  
784       0 1 14562  110 117 160 38297  0 0h 0h 0h 40874  
785       0 1 3721   110 117 160 10079  0 0h 0h 0h 12656  
786       0 1 9461   110 117 160 10079  0 0h 0h 0h 12656  
787       0 1 31345  110 117 160 10079  0 0h 0h 0h 12656  
788       0 1 65701  110 117 160 10079  0 0h 0h 0h 12656  
789       0 1 106657 110 117 160 10079  0 0h 0h 0h 12656  
790       0 1 147277 110 117 160 10079  0 0h 0h 0h 12656  
791       0 1 182474 110 117 160 10079  0 0h 0h 0h 12656  
792       0 0 207016 110 117 160 10079  0 0h 0h 0h 12656  
793       0 0 219088 110 117 160 10079  0 0h 0h 0h 12656  
794       0 0 220402 110 116 161 10079  0 0h 0h 0h 12656  
795       0 0 211072 110 116 161 10079  0 0h 0h 0h 12656  
796       0 0 196705 110 116 161 10079  0 0h 0h 0h 12656  
797       0 0 179845 110 116 161 24672  0 0h 0h 0h 27249  
798       0 0 165257 110 116 161 24672  0 0h 0h 0h 27249  
799       1 0 152084 110 116 161 24672  0 0h 0h 0h 27249  
800       1 1 142916 110 116 161 24672  0 0h 0h 0h 27249  
801       1 1 134962 110 116 161 24672  0 0h 0h 0h 27249  
802       1 1 128017 110 116 161 24672  0 0h 0h 0h 27249  
803       1 1 118825 110 116 161 24672  0 0h 0h 0h 27249  
804       1 0 107474 110 116 161 24672  0 0h 0h 0h 27249  
805       1 0 92605  110 116 161 24672  0 0h 0h 0h 27249  
806       1 0 75925  107 115 158 24672  0 0h 0h 0h 27249  
807       1 0 58500  107 115 158 24672  0 0h 0h 0h 27249  
808       1 1 44649  107 115 158 24672  0 0h 0h 0h 27249  
809       1 1 36329  107 115 158 5513   0 0h 0h 0h 8090   
810       1 1 36369  107 115 158 5513   0 0h 0h 0h 8090   
811       0 1 45917  107 115 158 5513   0 0h 0h 0h 8090   
812       0 0 64522  107 115 158 5513   0 0h 0h 0h 8090   
813       0 0 90917  107 115 158 5513   0 0h 0h 0h 8090   
814       0 0 123570 107 115 158 5513   0 0h 0h 0h 8090   
815       1 0 157489 107 115 158 5513   0 0h 0h 0h 8090   
816       1 0 192100 107 115 158 5513   0 0h 0h 0h 8090   
817       1 0 223837 107 115 158 5513   0 0h 0h 0h 8090   
818       1 0 251498 107 115 159 5513   0 0h 0h 0h 8090   
819       0 0 275233 107 115 159 5513   0 0h 0h 0h 8090   
820       0 0 294202 107 115 159 5513   0 0h 0h 0h 8090   
821       0 0 307490 107 115 159 -15349 0 0h 0h 0h -12772 
822       0 0 315809 107 115 159 -15349 0 0h 0h 0h -12772 
823       0 0 317701 107 115 159 -15349 0 0h 0h 0h -12772 
824       0 0 311588 107 115 159 -15349 0 0h 0h 0h -12772 
825       0 0 296521 107 115 159 -15349 0 0h 0h 0h -12772 
826       0 0 270929 107 115 159 -15349 0 0h 0h 0h -12772 
827       0 0 233885 107 115 159 -15349 0 0h 0h 0h -12772 
828       0 1 187186 107 115 159 -15349 0 0h 0h 0h -12772 
829       0 1 135473 107 115 159 -15349 0 0h 0h 0h -12772 
830       0 1 83497  111 120 159 -15349 0 0h 0h 0h -12772 
831       1 1 39053  111 120 159 -15349 0 0h 0h 0h -12772 
832       1 0 9565   111 120 159 -15349 0 0h 0h 0h -12772 
833       1 0 580    111 120 159 3536   0 0h 0h 0h 6113   
834       1 0 13369  111 120 159 3536   0 0h 0h 0h 6113   
835       1 0 44866  111 120 159 3536   0 0h 0h 0h 6113   
836       1 0 87665  111 120 159 3536   0 0h 0h 0h 6113   
837       1 0 131645 111 120 159 3536   0 0h 0h 0h 6113   
838       1 0 168125 111 120 159 3536   0 0h 0h 0h 6113   
839       1 0 190180 111 120 159 3536   0 0h 0h 0h 6113   
840       1 0 195266 111 120 159 3536   0 0h 0h 0h 6113   
841       1 0 185453 111 120 159 3536   0 0h 0h 0h 6113   
842       1 0 162101 108 118 162 3536   0 0h 0h 0h 6113   
843       0 0 131794 108 118 162 3536   0 0h 0h 0h 6113   
844       0 0 98001  108 118 162 3536   0 0h 0h 0h 6113   
845       0 0 66490  108 118 162 10430  0 0h 0h 0h 13007  
846       0 0 40725  108 118 162 10430  0 0h 0h 0h 13007  
847       0 0 23533  108 118 162 10430  0 0h 0h 0h 13007  
848       0 1 18532  108 118 162 10430  0 0h 0h 0h 13007  
849       0 1 26489  108 118 162 10430  0 0h 0h 0h 13007  
850       0 1 46573  108 118 162 10430  0 0h 0h 0h 13007  
851       1 1 75088  108 118 162 10430  0 0h 0h 0h 13007  
852       1 0 106901 108 118 162 10430  0 0h 0h 0h 13007  
853       1 0 137530 108 118 162 10430  0 0h 0h 0h 13007  
854       1 0 161089 109 116 163 10430  0 0h 0h 0h 13007  